10011011
10110101
11001110
11001110
11001110
11001110
11001110
11001110
11001110
11000010
10011011
11001110
11001110
11001110
11001110
11001110
01111111
01111111
01111111
01111111
01111111
01111111
01111111
01111111
10010011
11001110
11001110
11001110
11001110
11001110
11001110
11001110
11001110
11001110
11001110
11001110
11001110
11001110
11001110
11001110
11001110
11001110
11001110
11001110
11001110
11001110
11001110
11001110
11001110
11001110
11001110
11001110
11001110
11001110
11001110
11001110
11001110
11001110
11001110
11001110
11001110
11001110
11001110
11001110
11001110
10001011
01110100
01110100
10111000
10001011
01110100
01110100
01110100
01110100
01110100
01110100
01110100
10100001
11001110
11001110
11001110
11001110
11001110
11001110
11001110
11001110
11001110
11001110
11001110
11001110
11001110
11001110
11001110
11001110
11001110
11001110
11001110
11001110
11001110
11001110
10011011
10101000
11001110
11001110
11000010
10011011
10011011
10011011
10101000
10011011
10110101
11001110
11001110
11001110
11001110
11001110
10111011
10010011
01111111
01111111
01111111
01111111
01111111
01111111
01111111
10111011
11001110
10010011
01111111
01111111
11001110
11001110
11001110
11001110
11001110
11001110
11001110
11001110
11001110
11001110
11001110
11001110
11001110
11001110
11001110
11001110
11001110
11001110
11001110
11001110
11001110
11001110
11001110
11001110
11001110
11001110
11001110
11001110
11001110
11001110
11001110
11001110
11001110
11001110
10111000
01110100
10100001
11001110
10001011
01110100
01110100
01110100
01110100
01110100
01110100
01110100
10111000
11001110
11001110
11001110
11001110
11001110
11001110
11001110
11001110
11001110
11001110
11001110
11001110
11001110
11001110
11001110
11001110
11001110
11001110
11001110
11001110
11001110
11001110
11000010
10011011
10011011
10101000
11001000
10011011
10011011
10011011
10011011
10011011
10011011
10110101
11001110
11001110
11001110
11001110
11001110
11001110
10111011
10100111
10100111
01111111
01111111
01111111
01111111
01111111
01111111
10100111
01111111
01111111
10100111
11001110
11001110
11001110
11001110
11001110
11001110
11001110
11001110
11001110
11001110
11001110
11001110
11001110
11001110
11001110
11001110
11001110
11001110
11001110
11001110
11001110
11001110
11001110
11001110
11001110
11001110
