00000000000000
00000000000000
00000000000000
00000000000000
00000000000010
00000000001001
00000000011100
00000010100000
00000000111000
00000000111110
00000001011000
00000000110000
00000001000010
00000011101010
00000001110001
00000010101000
00000011000000
00000011111100
00000011110010
00000100000100
00000011000011
00000100001010
00000101011010
00000101111110
00000110010110
00000110100110
00000111100100
00001000011000
00001011000101
00001001100101
00001101001001
00001111010010
00001111101010
00001110010001
00010110000001
00010101000001
00010010111011
00100000111101
00011000010010
00011000101100
00011111001000
00100010111100
00011101000101
00100000111101
00100100000101
00011101101011
00101000001001
00100100111100
00100001011000
00100101000101
00101111000000
00100011100001
00101100111101
00101101011101
00100110000110
00110010010100
00101001100000
00100110000001
00101101110110
00100110011000
00100101010110
00100101011110
00100010010010
00100110110101
00101001011111
00100100110010
00100100010100
00101000010010
00100101100110
00100110000110
00101010100010
00101111000011
00100110011101
00101011010011
00101000011100
00100011100101
00101000101110
00100010011101
00100000100000
00100110100010
00011110101000
00011111100010
00100011101110
00011101001000
00011110101000
00100001000100
00011011111100
00011111101001
00011110010000
00011011010111
00011000000101
00011101110011
00010111001011
00010110010111
00010101100111
00010110101111
00010111110000
00010111001001
00010111010001
00010111001110
00011000000000
00011010000111
00010111001110
00011000101001
00011000000111
00010011110100
00011011101001
00010111010110
00010010100100
00010100000001
00010101001011
00010000100011
00010010101010
00010101001011
00010001111011
00010001101001
00010001000101
00010000101010
00010010110010
00010010001100
00010001000100
00010100010101
00010001000101
00010100001000
00010011111010
00010100111111
00010100010101
00010110100011
00011001000000
00010111100010
00010111111011
00011010010100
00011010100100
00011010111010
00011011110010
00011100001100
00011101100111
00011110001000
00011110000101
00011111011010
00100000111100
00100000010010
00100010000100
00011111110100
00100000011010
00100010110010
00100001011100
00011110001111
00100000010011
00011110100000
00011101101111
00011100010100
00011100010100
00011011100101
00011011001011
00011000100000
00011011110010
00011011100100
00011011100010
00011001111010
00011010001101
00011001101101
00011001001100
00010110100001
00010111010001
00010111011110
00010111110000
00011000001010
00010101100110
00010110110011
00010110100100
00010011101100
00010001111100
00010010001011
00010001001011
00010001000110
00001111010001
00010000010110
00001111110010
00010001100010
00001111111110
00010011101110
00001101011101
00001111110011
00010000100000
00001111100110
00001100001000
00001111011110
00001101010001
00001010000110
00001010001011
00001001110111
00001000000001
00000111101111
00000111010000
00000101100011
00000101001000
00000100111010
00000101010111
00000100100001
00000101010110
00000100011110
00000100011010
00000100010010
00000100011110
00000100011111
00000100000001
00000100101000
00000100001111
00000011111110
00000100000010
00000011110011
00000100100111
00000011110011
00000011101010
00000011010011
00000011101111
00000011100100
00000011000011
00000011000111
00000011100011
00000011100101
00000011110111
00000011010101
00000010111000
00000011001100
00000011010101
00000011000111
00000011000101
00000011001110
00000010111011
00000011011000
00000011011010
00000100000001
00000100001000
00000011101101
00000011110011
00000100000001
00000100000001
00000011110000
00000011011111
00000011011001
00000011111001
00000100001011
00000100010001
00000100101110
00000100111000
00000100011010
00001000101111
00000010111101
00000100100010
00000001100011
00000001000001
00000001100001
00000000010111
00000000001110
