000000101111010
000001101001111
000011001111100
000111010011011
000000101110100
000010100110000
000001010110010
000001000111111
000001010100100
000000111101000
000001010010111
000000001100111
000001011100000
000000011011111
000000011010111
000000010101000
000000010111011
000001110010101
000000000000101
000011001000001
000001111101111
000001101110001
000011010011101
000010010001111
000001101100100
000000000000000
000000001011100
000000000001010
000000000100011
000000000100100
000000000011110
000000000111000
000000000000000
000000000101100
000000000011010
000000000001100
000000000010010
000000000011100
000000000110001
000000000000000
000000000011111
000000000011100
000000000011011
000000000011010
000000000100011
000000000010110
000000000000000
000000000011101
000000000100100
000000000011110
000000000011000
000000001000100
000000001100001
000000000000000
000000010000000
000000000001101
000000001011010
000000000001100
000000000100100
000000000001000
000000000000000
000000000000010
000000000000010
000000000000011
000000000000101
000000000000010
000000000000001
000000000000011
000000000000000
000000000000100
000000000000011
000000000000010
000000000000011
000000000000001
000000000000000
000000000000000
000000000000000
000000000000000
000000000000000
000000000000000
000000000000001
000000000000001
000000000000000
000000000000001
000000000000011
000000000000000
000000000000000
000000000000000
000000000000000
000000000000000
000000000000000
000000000000000
000000000000000
000000000000000
000000000000000
000000000000000
000000000000000
000000000000000
000000000000000
000000000000000
000000000000000
000000000000000
000000000000000
000000000000000
000000000000000
000000000000000
000000000000000
000000000000000
000000000000000
000000000000000
000000000000000
000000000000000
000000000000000
000000000000000
000000000000000
000000000000000
000000000000000
000000000000000
000000000000000
000000000000000
000000000000000
000000000000000
000000000000000
000000000000000
000000000000000
000000000000000
000000000000000
000000000000000
000000000000000
000000000000000
000000000000000
000000000000000
000000000000000
000000000000000
000000000000000
000000000000000
000000000000000
000000000000000
000000000000000
000000000000000
000000000000000
000000000000000
000000000000000
000000000000000
000000000000000
000000000000000
000000000000000
000000000000000
000000000000000
000000000000000
000000000000000
000000000000000
000000000000000
000000000000000
000000000000000
000000000000000
000000000000000
000000000000000
000000000000000
000000000000000
000000000000000
000000000000000
000000000000000
000000000000000
000000000000000
000000000000000
000000000000000
000000000000000
000000000000000
000000000000000
000000000000000
000000000000000
000000000000000
000000000000000
000000000000000
000000000000000
000000000000000
000000000000000
000000000000000
000000000000000
000000000000000
000000000000000
000000000000000
000000000000000
000000000000000
000000000000000
000000000000000
000000000000000
000000000000000
000000000000000
000000000000000
000000000000000
000000000000000
000000000000000
000000000000000
000000000000000
000000000000000
000000000000000
000000000000000
000000000000000
000000000000000
000000000000000
000000000000000
000000000000000
000000000000000
000000000000000
000000000000000
000000000000000
000000000000000
000000000000000
000000000000000
000000000000000
000000000000000
000000000000000
000000000000000
000000000000000
000000000000000
000000000000000
000000000000000
000000000000000
000000000000000
000000000000000
000000000000000
000000000000000
000000000000000
000000000000000
000000000000000
000000000000000
000000000000000
000000000000000
000000000000000
000000000000000
000000000000000
000000000000000
000000000000000
000000000000000
000000000000000
000000000000000
000000000000000
000000000000000
000000000000000
000000000000000
000000000000000
000000000000000
000000000000000
000000000000000
000000000000000
000000000000000
000000000000000
000000000000000
000000000000000
000000000000000
000000000000000
000000000000000
000000000000000
000000000000000
