000000000000100
000000000001101
000000000100000
000000001001011
000000001001111
000000001011110
000000001100110
000000001101101
000000001110100
000000001111010
000000010000001
000000010000011
000000010001011
000000010001110
000000010010000
000000010010010
000000010010100
000000010011110
000000010011111
000000010110001
000000010111100
000000011000110
000000011011010
000000011100111
000000011110001
000000011110001
000000011110010
000000011110010
000000011110010
000000011110011
000000011110011
000000011110100
000000011110100
000000011110100
000000011110100
000000011110101
000000011110101
000000011110101
000000011110110
000000011110110
000000011110110
000000011110110
000000011110111
000000011110111
000000011110111
000000011111000
000000011111000
000000011111000
000000011111000
000000011111001
000000011111001
000000011111010
000000011111011
000000011111011
000000011111100
000000011111100
000000011111101
000000011111110
000000011111110
000000011111110
000000011111110
000000011111110
000000011111110
000000011111110
000000011111110
000000011111110
000000011111110
000000011111110
000000011111110
000000011111110
000000011111110
000000011111110
000000011111110
000000011111110
000000011111110
000000011111110
000000011111110
000000011111110
000000011111110
000000011111110
000000011111110
000000011111110
000000011111110
000000011111110
000000011111111
000000011111111
000000011111111
000000011111111
000000011111111
000000011111111
000000011111111
000000011111111
000000011111111
000000011111111
000000011111111
000000011111111
000000011111111
000000011111111
000000011111111
000000011111111
000000011111111
000000011111111
000000011111111
000000011111111
000000011111111
000000011111111
000000011111111
000000011111111
000000011111111
000000011111111
000000011111111
000000011111111
000000011111111
000000011111111
000000011111111
000000011111111
000000011111111
000000011111111
000000011111111
000000011111111
000000011111111
000000011111111
000000011111111
000000011111111
000000011111111
000000011111111
000000011111111
000000011111111
000000011111111
000000011111111
000000011111111
000000011111111
000000011111111
000000011111111
000000011111111
000000011111111
000000011111111
000000011111111
000000011111111
000000011111111
000000011111111
000000011111111
000000011111111
000000011111111
000000011111111
000000011111111
000000011111111
000000011111111
000000011111111
000000011111111
000000011111111
000000011111111
000000011111111
000000011111111
000000011111111
000000011111111
000000011111111
000000011111111
000000011111111
000000011111111
000000011111111
000000011111111
000000011111111
000000011111111
000000011111111
000000011111111
000000011111111
000000011111111
000000011111111
000000011111111
000000011111111
000000011111111
000000011111111
000000011111111
000000011111111
000000011111111
000000011111111
000000011111111
000000011111111
000000011111111
000000011111111
000000011111111
000000011111111
000000011111111
000000011111111
000000011111111
000000011111111
000000011111111
000000011111111
000000011111111
000000011111111
000000011111111
000000011111111
000000011111111
000000011111111
000000011111111
000000011111111
000000011111111
000000011111111
000000011111111
000000011111111
000000011111111
000000011111111
000000011111111
000000011111111
000000011111111
000000011111111
000000011111111
000000011111111
000000011111111
000000011111111
000000011111111
000000011111111
000000011111111
000000011111111
000000011111111
000000011111111
000000011111111
000000011111111
000000011111111
000000011111111
000000011111111
000000011111111
000000011111111
000000011111111
000000011111111
000000011111111
000000011111111
000000011111111
000000011111111
000000011111111
000000011111111
000000011111111
000000011111111
000000011111111
000000011111111
000000011111111
000000011111111
000000011111111
000000011111111
000000011111111
000000011111111
000000011111111
000000011111111
000000011111111
000000011111111
000000011111111
000000011111111
000000011111111
000000011111111
000000011111111
000000011111111
000000011111111
000000011111111
000000011111111
000000011111111
