00000001101110
00000001101111
00000001101111
00000001110001
00000001110010
00000001110100
00000001110100
00000001110101
00000001110010
00000001110010
00000001110001
00000001101111
00000001101111
00000001101110
00000001101100
00000001101100
00000001101010
00000001101001
00000001100111
00000001100001
00000001011110
00000001010111
00000001010101
00000001010011
00000001001100
00000001001010
00000001001000
00000001000010
00000000111110
00000000111000
00000000110101
00000000110011
00000000101100
00000000101010
00000000100111
00000000100011
00000000100001
00000000011101
00000000011011
00000000011001
00000000010111
00000000010111
00000000010101
00000000010100
00000000010100
00000000010010
00000000010000
00000000010000
00000000001110
00000000001110
00000000001110
00000000001110
00000000001110
00000000001110
00000000001110
00000000001110
00000000001100
00000000001110
00000000001110
00000000001111
00000000010000
00000000010010
00000000010010
00000000010100
00000000010111
00000000011001
00000000011101
00000000100001
00000000100101
00000000101100
00000000101110
00000000110001
00000000111010
00000000111100
00000001000000
00000001000100
00000001001010
00000001001110
00000001010011
00000001010101
00000001011001
00000001011001
00000001011001
00000001011001
00000001011001
00000001011001
00000001011001
00000001011001
00000001010000
00000001001110
00000001001100
00000001000110
00000001000010
00000000111110
00000000111010
00000000111000
00000000101100
00000000101100
00000000100111
00000000100101
00000000100001
00000000011111
00000000011101
00000000011011
00000000010100
00000000010100
00000000010100
00000000010100
00000000010100
00000000010100
00000000010100
00000000010100
00000000010000
00000000010000
00000000010000
00000000010000
00000000010000
00000000010000
00000000010000
00000000010000
00000000001111
00000000001111
00000000001110
00000000001100
00000000001100
00000000001011
00000000001010
00000000001010
00000000001010
00000000001010
00000000001010
00000000001010
00000000001010
00000000001010
00000000001010
00000000001010
00000000001010
00000000001010
00000000001010
00000000001010
00000000001010
00000000001010
00000000001010
00000000001010
00000000001100
00000000001100
00000000001100
00000000001100
00000000001100
00000000001100
00000000001100
00000000001100
00000000001010
00000000001010
00000000001010
00000000001010
00000000001010
00000000001010
00000000001010
00000000001010
00000000001000
00000000001000
00000000001000
00000000001000
00000000001000
00000000001000
00000000001000
00000000001000
00000000001000
00000000001010
00000000001010
00000000001011
00000000001100
00000000001110
00000000001110
00000000001111
00000000001011
00000000001011
00000000001011
00000000001011
00000000001011
00000000001011
00000000001011
00000000001011
00000000001110
00000000001110
00000000001110
00000000001110
00000000001110
00000000001110
00000000001110
00000000001110
00000000001010
00000000001010
00000000001010
00000000001010
00000000001010
00000000001010
00000000001010
00000000001010
00000000001010
00000000001010
00000000001010
00000000001010
00000000001010
00000000001010
00000000001010
00000000001010
00000000001100
00000000001110
00000000001111
00000000010010
00000000010100
00000000010111
00000000011001
00000000011011
00000000100101
00000000100111
00000000101110
00000000110101
00000000111100
00000001000010
00000001000110
00000001001010
00000001010111
00000001011001
00000001011110
00000001100011
00000001101010
00000001101111
00000001110010
00000001110100
00000001111000
00000001111001
00000001111001
00000001111010
00000001111100
00000001111101
00000001111101
00000001111110
00000001111010
00000001111010
00000001111010
00000001111001
00000001111000
00000001110111
00000001110111
00000001110101
00000001110010
00000001110001
00000001101111
00000001101110
00000001101010
00000001101001
00000001100101
00000001100101
